____________________________
|RI10|    |    |    |    |    |
|____|____|____|____|____|____|
|    |    |    |    |    |    |
|____|____|____|____|____|____|
|    |    |    |    |    |    |
|____|____|____|____|____|____|
|RI04|BP01|    |    |    |    |
|____|____|____|____|____|____|
|    |    |    |    |    |    |
|____|____|____|____|____|____|
|    |    |    |RI07|    |    |
|____|____|____|____|____|____|

can_access:
[  0,  0,  0,  1,  0,  0,]
[  0,  0,  0,  0,  0,  0,]
[  0,  0,  0,  0,  0,  0,]
[  1,  0,  0,  0,  0,  0,]
[  0,  0,  0,  0,  0,  0,]
[  0,  0,  0,  0,  0,  0,]

feature_matrix:
[  4,  5,  3,  0,]
[ 10,  5,  3,  0,]
[  7,  5,  3,  0,]
[  1, -2,  6,  0,]
[  0,  0,  0,  0,]
[  0,  0,  0,  0,]

man_distance:
[  0,  3,  5,  1,  0,  0,]
[  3,  0,  8,  4,  0,  0,]
[  5,  8,  0,  4,  0,  0,]
[  1,  4,  4,  0,  0,  0,]
[  0,  0,  0,  0,  0,  0,]
[  0,  0,  0,  0,  0,  0,]

unobstructed_distance:
[  0, 30, 50,  0,  0,  0,]
[ 30,  0, 80, 30,  0,  0,]
[ 50, 80,  0, 30,  0,  0,]
[  0, 30, 30,  0,  0,  0,]
[  0,  0,  0,  0,  0,  0,]
[  0,  0,  0,  0,  0,  0,]

damage:
[  0,  0,  0,  0,  0,  0,]
[  0,  0,  0,  1,  0,  0,]
[  0,  0,  0,  1,  0,  0,]
[  1,  1,  1,  0,  0,  0,]
[  0,  0,  0,  0,  0,  0,]
[  0,  0,  0,  0,  0,  0,]

None
result: 1
_______________________________
|    |    |RP02|BP04|    |    |
|____|____|____|____|____|____|
|    |    |    |    |    |    |
|____|____|____|____|____|____|
|    |    |    |    |    |    |
|____|____|____|____|____|____|
|    |    |    |    |    |    |
|____|____|____|____|____|____|
|    |    |    |    |    |    |
|____|____|____|____|____|____|
|    |    |    |    |    |    |
|____|____|____|____|____|____|

can_access:
[  0,  1,  0,  0,  0,  0,]
[  1,  0,  0,  0,  0,  0,]
[  0,  0,  0,  0,  0,  0,]
[  0,  0,  0,  0,  0,  0,]
[  0,  0,  0,  0,  0,  0,]
[  0,  0,  0,  0,  0,  0,]

feature_matrix:
[  2,  2,  6,  0,]
[  4, -2,  6,  0,]
[  0,  0,  0,  0,]
[  0,  0,  0,  0,]
[  0,  0,  0,  0,]
[  0,  0,  0,  0,]

man_distance:
[  0,  1,  0,  0,  0,  0,]
[  1,  0,  0,  0,  0,  0,]
[  0,  0,  0,  0,  0,  0,]
[  0,  0,  0,  0,  0,  0,]
[  0,  0,  0,  0,  0,  0,]
[  0,  0,  0,  0,  0,  0,]

unobstructed_distance:
[  0,  0,  0,  0,  0,  0,]
[  0,  0,  0,  0,  0,  0,]
[  0,  0,  0,  0,  0,  0,]
[  0,  0,  0,  0,  0,  0,]
[  0,  0,  0,  0,  0,  0,]
[  0,  0,  0,  0,  0,  0,]

damage:
[  0,  1,  0,  0,  0,  0,]
[  2,  0,  0,  0,  0,  0,]
[  0,  0,  0,  0,  0,  0,]
[  0,  0,  0,  0,  0,  0,]
[  0,  0,  0,  0,  0,  0,]
[  0,  0,  0,  0,  0,  0,]

None
result: -1
_______________________________
|    |    |    |    |BP04|RP02|
|____|____|____|____|____|____|
|    |    |    |    |    |    |
|____|____|____|____|____|____|
|    |    |    |    |    |    |
|____|____|____|____|____|____|
|    |    |    |    |    |    |
|____|____|____|____|____|____|
|    |    |    |    |    |    |
|____|____|____|____|____|____|
|    |    |    |    |    |    |
|____|____|____|____|____|____|

can_access:
[  0,  1,  0,  0,  0,  0,]
[  1,  0,  0,  0,  0,  0,]
[  0,  0,  0,  0,  0,  0,]
[  0,  0,  0,  0,  0,  0,]
[  0,  0,  0,  0,  0,  0,]
[  0,  0,  0,  0,  0,  0,]

feature_matrix:
[  2,  2,  6,  0,]
[  4, -2,  6,  0,]
[  0,  0,  0,  0,]
[  0,  0,  0,  0,]
[  0,  0,  0,  0,]
[  0,  0,  0,  0,]

man_distance:
[  0,  1,  0,  0,  0,  0,]
[  1,  0,  0,  0,  0,  0,]
[  0,  0,  0,  0,  0,  0,]
[  0,  0,  0,  0,  0,  0,]
[  0,  0,  0,  0,  0,  0,]
[  0,  0,  0,  0,  0,  0,]

unobstructed_distance:
[  0,  0,  0,  0,  0,  0,]
[  0,  0,  0,  0,  0,  0,]
[  0,  0,  0,  0,  0,  0,]
[  0,  0,  0,  0,  0,  0,]
[  0,  0,  0,  0,  0,  0,]
[  0,  0,  0,  0,  0,  0,]

damage:
[  0,  1,  0,  0,  0,  0,]
[  2,  0,  0,  0,  0,  0,]
[  0,  0,  0,  0,  0,  0,]
[  0,  0,  0,  0,  0,  0,]
[  0,  0,  0,  0,  0,  0,]
[  0,  0,  0,  0,  0,  0,]

None
result: -1
_______________________________
|    |    |    |    |    |    |
|____|____|____|____|____|____|
|    |    |    |    |    |    |
|____|____|____|____|____|____|
|    |    |    |    |    |    |
|____|____|____|____|____|____|
|    |    |    |    |BI07|RP01|
|____|____|____|____|____|____|
|    |    |    |    |BP08|    |
|____|____|____|____|____|____|
|    |    |    |    |    |    |
|____|____|____|____|____|____|

can_access:
[  0,  0,  1,  0,  0,  0,]
[  0,  0,  0,  0,  0,  0,]
[  1,  0,  0,  0,  0,  0,]
[  0,  0,  0,  0,  0,  0,]
[  0,  0,  0,  0,  0,  0,]
[  0,  0,  0,  0,  0,  0,]

feature_matrix:
[  1,  2,  6,  0,]
[  8, -2,  6,  0,]
[  7, -5,  3,  0,]
[  0,  0,  0,  0,]
[  0,  0,  0,  0,]
[  0,  0,  0,  0,]

man_distance:
[  0,  2,  1,  0,  0,  0,]
[  2,  0,  1,  0,  0,  0,]
[  1,  1,  0,  0,  0,  0,]
[  0,  0,  0,  0,  0,  0,]
[  0,  0,  0,  0,  0,  0,]
[  0,  0,  0,  0,  0,  0,]

unobstructed_distance:
[  0, 10,  0,  0,  0,  0,]
[ 10,  0, 10,  0,  0,  0,]
_______________________________
|BI10|BI07|    |    |    |    |
|____|____|____|____|____|____|
|    |RP01|    |    |    |    |
|____|____|____|____|____|____|
|    |    |    |    |    |    |
|____|____|____|____|____|____|
|    |    |    |    |    |    |
|____|____|____|____|____|____|
|    |    |    |    |    |    |
|____|____|____|____|____|____|
|    |    |    |    |    |    |
|____|____|____|____|____|____|
[  0, 10,  0,  0,  0,  0,]

[  0,  0,  0,  0,  0,  0,]
can_access:
[  0,  0,  0,  0,  0,  0,]
[  0,  0,  0,  0,  0,  0,]

damage:
[  0,  1,  0,  0,  0,  0,]
[  0,  1,  1,  0,  0,  0,]
[  1,  0,  0,  0,  0,  0,]
[  1,  0,  0,  0,  0,  0,]
[  0,  0,  0,  0,  0,  0,]
[  1,  0,  0,  0,  0,  0,]
[  0,  0,  0,  0,  0,  0,]
[  0,  0,  0,  0,  0,  0,]
[  0,  0,  0,  0,  0,  0,]
[  0,  0,  0,  0,  0,  0,]
[  0,  0,  0,  0,  0,  0,]

feature_matrix:
[  0,  0,  0,  0,  0,  0,]

None
[  1,  2,  6,  0,]
result: -1
[  7, -5,  3,  0,]
[ 10, -5,  3,  0,]
[  0,  0,  0,  0,]
[  0,  0,  0,  0,]
[  0,  0,  0,  0,]

man_distance:
[  0,  1,  2,  0,  0,  0,]
[  1,  0,  1,  0,  0,  0,]
[  2,  1,  0,  0,  0,  0,]
[  0,  0,  0,  0,  0,  0,]
[  0,  0,  0,  0,  0,  0,]
[  0,  0,  0,  0,  0,  0,]

unobstructed_distance:
[  0,  0, 10,  0,  0,  0,]
[  0,  0, 10,  0,  0,  0,]
[ 10, 10,  0,  0,  0,  0,]
[  0,  0,  0,  0,  0,  0,]
[  0,  0,  0,  0,  0,  0,]
[  0,  0,  0,  0,  0,  0,]

damage:
[  0,  1,  1,  0,  0,  0,]
[  1,  0,  0,  0,  0,  0,]
[  1,  0,  0,  0,  0,  0,]
[  0,  0,  0,  0,  0,  0,]
[  0,  0,  0,  0,  0,  0,]
[  0,  0,  0,  0,  0,  0,]

None
result: -1
_______________________________
|    |    |    |    |    |    |
|____|____|____|____|____|____|
|    |    |    |    |    |    |
|____|____|____|____|____|____|
|    |BI06|RP02|    |    |    |
|____|____|____|____|____|____|
|    |    |BP07|    |    |    |
|____|____|____|____|____|____|
|    |    |    |    |    |    |
|____|____|____|____|____|____|
|    |    |    |    |    |    |
|____|____|____|____|____|____|

can_access:
[  0,  1,  1,  0,  0,  0,]
[  1,  0,  0,  0,  0,  0,]
[  1,  0,  0,  0,  0,  0,]
[  0,  0,  0,  0,  0,  0,]
[  0,  0,  0,  0,  0,  0,]
[  0,  0,  0,  0,  0,  0,]

feature_matrix:
[  2,  2,  6,  0,]
[  7, -2,  6,  0,]
[  6, -5,  3,  0,]
[  0,  0,  0,  0,]
[  0,  0,  0,  0,]
[  0,  0,  0,  0,]

man_distance:
[  0,  1,  1,  0,  0,  0,]
[  1,  0,  2,  0,  0,  0,]
[  1,  2,  0,  0,  0,  0,]
[  0,  0,  0,  0,  0,  0,]
[  0,  0,  0,  0,  0,  0,]
[  0,  0,  0,  0,  0,  0,]

unobstructed_distance:
[  0,  0,  0,  0,  0,  0,]
[  0,  0, 20,  0,  0,  0,]
[  0, 20,  0,  0,  0,  0,]
[  0,  0,  0,  0,  0,  0,]
[  0,  0,  0,  0,  0,  0,]
[  0,  0,  0,  0,  0,  0,]

damage:
[  0,  1,  2,  0,  0,  0,]
[  2,  0,  0,  0,  0,  0,]
[  0,  0,  0,  0,  0,  0,]
[  0,  0,  0,  0,  0,  0,]
[  0,  0,  0,  0,  0,  0,]
[  0,  0,  0,  0,  0,  0,]

None
result: -1
_______________________________
|RI03|    |    |    |    |    |
|____|____|____|____|____|____|
|    |    |    |    |    |    |
|____|____|____|____|____|____|
|    |    |    |    |    |    |
|____|____|____|____|____|____|
|    |    |    |    |    |    |
|____|____|____|____|____|____|
|RI01|BP02|    |    |    |RP04|
|____|____|____|____|____|____|
|    |    |    |    |    |    |
|____|____|____|____|____|____|

can_access:
[  0,  0,  0,  0,  0,  0,]
[  0,  0,  0,  1,  0,  0,]
[  0,  0,  0,  0,  0,  0,]
[  0,  1,  0,  0,  0,  0,]
[  0,  0,  0,  0,  0,  0,]
[  0,  0,  0,  0,  0,  0,]

feature_matrix:
[  3,  5,  3,  0,]
[  1,  5,  3,  0,]
[  4,  2,  6,  0,]
[  2, -2,  6,  0,]
[  0,  0,  0,  0,]
[  0,  0,  0,  0,]

man_distance:
[  0,  4,  9,  5,  0,  0,]
[  4,  0,  5,  1,  0,  0,]
[  9,  5,  0,  4,  0,  0,]
[  5,  1,  4,  0,  0,  0,]
[  0,  0,  0,  0,  0,  0,]
[  0,  0,  0,  0,  0,  0,]

unobstructed_distance:
[  0, 40, 90, 40,  0,  0,]
[ 40,  0, 70,  0,  0,  0,]
[ 90, 70,  0, 30,  0,  0,]
[ 40,  0, 30,  0,  0,  0,]
[  0,  0,  0,  0,  0,  0,]
[  0,  0,  0,  0,  0,  0,]

damage:
[  0,  0,  0,  0,  0,  0,]
[  0,  0,  0,  0,  0,  0,]
[  0,  0,  0,  2,  0,  0,]
[  2,  1,  1,  0,  0,  0,]
[  0,  0,  0,  0,  0,  0,]
[  0,  0,  0,  0,  0,  0,]

None
result: 1
_______________________________
|    |BP02|RP04|    |    |    |
|____|____|____|____|____|____|
|    |    |    |    |    |    |
|____|____|____|____|____|____|
|    |    |    |    |    |    |
|____|____|____|____|____|____|
|    |    |    |    |    |    |
|____|____|____|____|____|____|
|    |    |    |    |    |    |
|____|____|____|____|____|____|
|    |    |    |    |    |    |
|____|____|____|____|____|____|

can_access:
[  0,  1,  0,  0,  0,  0,]
[  1,  0,  0,  0,  0,  0,]
[  0,  0,  0,  0,  0,  0,]
[  0,  0,  0,  0,  0,  0,]
[  0,  0,  0,  0,  0,  0,]
[  0,  0,  0,  0,  0,  0,]

feature_matrix:
[  4,  2,  6,  0,]
[  2, -2,  6,  0,]
[  0,  0,  0,  0,]
[  0,  0,  0,  0,]
[  0,  0,  0,  0,]
[  0,  0,  0,  0,]

man_distance:
[  0,  1,  0,  0,  0,  0,]
[  1,  0,  0,  0,  0,  0,]
[  0,  0,  0,  0,  0,  0,]
[  0,  0,  0,  0,  0,  0,]
[  0,  0,  0,  0,  0,  0,]
[  0,  0,  0,  0,  0,  0,]

unobstructed_distance:
[  0,  0,  0,  0,  0,  0,]
[  0,  0,  0,  0,  0,  0,]
[  0,  0,  0,  0,  0,  0,]
[  0,  0,  0,  0,  0,  0,]
[  0,  0,  0,  0,  0,  0,]
[  0,  0,  0,  0,  0,  0,]

damage:
[  0,  2,  0,  0,  0,  0,]
[  1,  0,  0,  0,  0,  0,]
[  0,  0,  0,  0,  0,  0,]
[  0,  0,  0,  0,  0,  0,]
[  0,  0,  0,  0,  0,  0,]
[  0,  0,  0,  0,  0,  0,]

None
result: 1
_______________________________
|RI02|BP01|RP08|    |    |    |
|____|____|____|____|____|____|
|    |    |    |    |    |    |
|____|____|____|____|____|____|
|    |    |    |    |    |    |
|____|____|____|____|____|____|
|    |    |    |    |    |    |
|____|____|____|____|____|____|
|    |    |    |    |    |    |
|____|____|____|____|____|____|
|    |    |    |    |    |    |
|____|____|____|____|____|____|

can_access:
[  0,  0,  1,  0,  0,  0,]
[  0,  0,  1,  0,  0,  0,]
[  1,  1,  0,  0,  0,  0,]
[  0,  0,  0,  0,  0,  0,]
[  0,  0,  0,  0,  0,  0,]
[  0,  0,  0,  0,  0,  0,]

feature_matrix:
[  8,  2,  6,  0,]
[  2,  5,  3,  0,]
[  1, -2,  6,  0,]
[  0,  0,  0,  0,]
[  0,  0,  0,  0,]
[  0,  0,  0,  0,]

man_distance:
[  0,  2,  1,  0,  0,  0,]
[  2,  0,  1,  0,  0,  0,]
[  1,  1,  0,  0,  0,  0,]
[  0,  0,  0,  0,  0,  0,]
[  0,  0,  0,  0,  0,  0,]
[  0,  0,  0,  0,  0,  0,]

unobstructed_distance:
[  0, 40,  0,  0,  0,  0,]
[ 40,  0,  0,  0,  0,  0,]
[  0,  0,  0,  0,  0,  0,]
[  0,  0,  0,  0,  0,  0,]
[  0,  0,  0,  0,  0,  0,]
[  0,  0,  0,  0,  0,  0,]

damage:
[  0,  0,  1,  0,  0,  0,]
[  0,  0,  0,  0,  0,  0,]
[  1,  1,  0,  0,  0,  0,]
[  0,  0,  0,  0,  0,  0,]
[  0,  0,  0,  0,  0,  0,]
[  0,  0,  0,  0,  0,  0,]

None
result: 1
_______________________________
|    |    |    |    |    |BP01|
|____|____|____|____|____|____|
|    |    |    |    |    |RP02|
|____|____|____|____|____|____|
|    |    |    |    |    |    |
|____|____|____|____|____|____|
|    |    |    |    |    |    |
|____|____|____|____|____|____|
|    |    |    |    |    |    |
|____|____|____|____|____|____|
|    |    |    |    |    |    |
|____|____|____|____|____|____|

can_access:
[  0,  1,  0,  0,  0,  0,]
[  1,  0,  0,  0,  0,  0,]
[  0,  0,  0,  0,  0,  0,]
[  0,  0,  0,  0,  0,  0,]
[  0,  0,  0,  0,  0,  0,]
[  0,  0,  0,  0,  0,  0,]

feature_matrix:
[  2,  2,  6,  0,]
[  1, -2,  6,  0,]
[  0,  0,  0,  0,]
[  0,  0,  0,  0,]
[  0,  0,  0,  0,]
[  0,  0,  0,  0,]

man_distance:
[  0,  1,  0,  0,  0,  0,]
[  1,  0,  0,  0,  0,  0,]
[  0,  0,  0,  0,  0,  0,]
[  0,  0,  0,  0,  0,  0,]
[  0,  0,  0,  0,  0,  0,]
[  0,  0,  0,  0,  0,  0,]

unobstructed_distance:
[  0,  0,  0,  0,  0,  0,]
[  0,  0,  0,  0,  0,  0,]
[  0,  0,  0,  0,  0,  0,]
[  0,  0,  0,  0,  0,  0,]
[  0,  0,  0,  0,  0,  0,]
[  0,  0,  0,  0,  0,  0,]

damage:
[  0,  1,  0,  0,  0,  0,]
[  1,  0,  0,  0,  0,  0,]
[  0,  0,  0,  0,  0,  0,]
[  0,  0,  0,  0,  0,  0,]
[  0,  0,  0,  0,  0,  0,]
[  0,  0,  0,  0,  0,  0,]